0.293552	0.037062	0.813791	
0.198339	0.376309	0.153162	
0.746218	0.761869	0.041713	
0.590404	0.844621	0.073914	
0.279295	0.856034	0.403714	
0.547660	0.371860	0.424959	
0.184832	0.473258	0.489407	
0.331770	0.987317	0.906485	
0.733951	0.633920	0.376588	
0.278068	0.260342	0.963624	
0.503166	0.464766	0.188391	
0.882608	0.323206	0.141821	
0.117877	0.249203	0.771222	
0.328904	0.733648	0.444080	
0.530558	0.218534	0.781856	
0.466022	0.604374	0.813513	
0.092025	0.064496	0.428824	
0.036052	0.253507	0.676384	
0.506289	0.772347	0.574956	
0.803621	0.290843	0.468830	
0.842397	0.596453	0.128740	
0.834101	0.851317	0.591373	
0.993906	0.429511	0.550374	
0.723775	0.941128	0.042633	
